K* = 2
best_run = 17
silhouette_in_results = 0.6822048027847688
silhouette_crisp_computed = 0.19694004428894843
ARI = 0.11291942120041766

Prototypes (G):
8.138766695955765851e-01,9.256874768941510956e-01,-3.948981449300864033e-01,4.315705255370254068e-01,-9.759000729485450831e-02,-9.913139569895512704e-02,1.284129931001629643e-01,-2.078506670307163628e-01
-4.526944641468647612e-01,-5.139889403910790078e-01,2.138558629704755409e-01,-2.380049955758627156e-01,-9.759000729485445280e-02,-9.913139569895489112e-02,-7.605458505771384159e-02,1.161635568111046291e-01

Widths s:
1.199888322388145809e+02
1.083865584111484139e+02
1.252970037224571627e+02
1.277433783229714805e+02
3.148883383518395623e-10
1.202901941061725001e-03
1.162358085979402205e+02
1.091133575784647860e+02


Confusion matrix (mapped):
[[367   0   0   0   0   0  96   0   0   0]
 [  0   0   0   0   0   0   5   0   0   0]
 [  3   0   0   0   0   0  32   0   0   0]
 [  0   0   0   0   0   0  44   0   0   0]
 [  5   0   0   0   0   0  46   0   0   0]
 [109   0   0   0   0   0  54   0   0   0]
 [ 87   0   0   0   0   0 157   0   0   0]
 [360   0   0   0   0   0  69   0   0   0]
 [  6   0   0   0   0   0  14   0   0   0]
 [ 16   0   0   0   0   0  14   0   0   0]]

Cost history (last 10):
[54.63057659 54.63056313 54.63055343 54.63054648 54.6305415  54.63053796
 54.63053544 54.63053365 54.63053239 54.6305315 ]